MAE: 1079543.9723552174
RMSE: 1415697.2476866208
